Run semi-empirical minimization
 &qmmm
    qm_theory='AM1', grms_tol=0.0005,
  scfconv=1.d-10,   qmcharge=0,
 /
   6    C1        0.6350       -1.7010        3.0400 
   6    C2       -0.8620       -1.4630        3.3540 
   6    C3       -0.6140        0.9640        2.7420 
   6    C4        0.8680        0.7590        2.3580 
   6    C5        1.2350       -0.6990        2.0370 
   6    C6       -1.5040       -0.2900        2.5760 
   6    C7       -2.6520       -1.0510       -1.5770 
   6    C8       -2.9040        0.1970       -0.9780 
   6    C9       -2.5310        0.4260        0.3600 
   6   C10       -1.8890       -0.5820        1.1170 
   6   C11       -1.6490       -1.8360        0.5040 
   6   C12       -2.0260       -2.0670       -0.8330 
   1    H1        1.2040       -1.6550        3.9700 
   1    H2        0.7750       -2.7130        2.6600 
   1    H3       -1.4430       -2.3790        3.2430 
   1    H4       -1.0260        1.8240        2.2160 
   1    H5        1.1110        1.3830        1.4970 
   1    H6        1.4990        1.1200        3.1720 
   1    H7        2.3190       -0.8090        2.0000 
   1    H8        0.8860       -0.9360        1.0310 
   1   H10       -2.4560       -0.0750        3.0670 
   1   H11       -0.9300       -1.2270        4.4170 
   1   H12       -0.6400        1.2480        3.7950 
   1    H9       -2.9370       -1.2280       -2.6040 
   1   H13       -3.3840        0.9800       -1.5470 
   1   H14       -2.7430        1.3870        0.8030 
   1   H15       -1.1670       -2.6380        1.0410 
   1   H16       -1.8310       -3.0270       -1.2900 

