Run semi-empirical minimization
 &qmmm
    qm_theory='AM1', grms_tol=0.0005,
  scfconv=1.d-10,   qmcharge=0,
 /
   6    C1       -1.4700        0.6390        0.1910 
   6    C2       -2.9550        0.6900       -0.2040 
   6    C3       -3.8260        1.2480        0.9380 
   6    C4       -3.6250        0.4270        2.2410 
   6    C5       -2.1250        0.3130        2.6280 
   6    C6       -1.2910       -0.2250        1.4490 
   9    F1       -3.1260        1.4070       -1.3160 
   9    F2       -3.5030        2.5280        1.1290 
   9    F3       -1.6340        1.5010        2.9840 
   9    F4       -0.0040       -0.3090        1.7870 
   6    C7       -6.1660        1.7610        5.5270 
   6    C8       -6.3410        0.4760        4.9770 
   6    C9       -5.5200        0.0430        3.9150 
   6   C10       -4.5160        0.8930        3.3930 
   6   C11       -4.3520        2.1800        3.9530 
   6   C12       -5.1700        2.6120        5.0140 
   1    H1       -1.1010        1.6490        0.3780 
   1    H2       -0.8740        0.2420       -0.6290 
   1    H3       -3.2950       -0.3150       -0.4610 
   1    H4       -4.8760        1.2400        0.6470 
   1    H5       -3.9500       -0.5870        2.0070 
   1    H6       -2.0090       -0.3360        3.4970 
   1    H7       -1.5930       -1.2500        1.2300 
   1    H8       -6.7950        2.0930        6.3410 
   1    H9       -7.1070       -0.1780        5.3720 
   1   H10       -5.6730       -0.9470        3.5100 
   1   H11       -3.5940        2.8490        3.5720 
   1   H12       -5.0320        3.5980        5.4310 

