Run semi-empirical minimization
 &qmmm
    qm_theory='AM1', grms_tol=0.0005,
  scfconv=1.d-10,   qmcharge=0,
 /
   9     F        0.8770       -0.0470       -0.2650 
   6     C        2.2300       -0.0190       -0.0830 
   6    C1        2.7600       -1.4290       -0.3060 
   6    C2        2.5620       -1.8530       -1.7540 
   9    F1        3.1010       -3.0910       -1.9260 
   6    C3        3.2170       -0.8700       -2.7210 
   9    F2        4.5580       -0.8550       -2.4670 
   6    C4        2.6350        0.5380       -2.5140 
   6    C5        2.8270        0.9950       -1.0560 
   9    F3        4.1500        1.1260       -0.7620 
   6    C6        3.1470        1.5510       -3.5250 
   6    C7        2.2470        2.1800       -4.4000 
   6    C8        2.6970        3.1140       -5.3370 
   6    C9        4.0500        3.4320       -5.4110 
   6   C10        4.9550        2.8170       -4.5490 
   6   C11        4.5060        1.8840       -3.6130 
   1     H        2.4210        0.2880        0.9500 
   1    H1        2.2340       -2.1360        0.3460 
   1    H2        3.8230       -1.4860       -0.0420 
   1    H3        1.4920       -1.9400       -1.9780 
   1    H4        3.0920       -1.2130       -3.7530 
   1    H5        1.5510        0.4520       -2.6760 
   1    H6        2.3570        1.9730       -0.9060 
   1    H7        1.1840        1.9520       -4.3650 
   1    H8        1.9900        3.5930       -6.0090 
   1    H9        4.4010        4.1580       -6.1390 
   1   H10        6.0120        3.0630       -4.6030 
   1   H11        5.2350        1.4180       -2.9500 

