Run semi-empirical minimization
 &qmmm
    qm_theory='AM1', grms_tol=0.0005,
  scfconv=1.d-10,   qmcharge=0,
 /
   6     C       -1.4430       -0.0810        0.0950 
   6    C1       -0.8470        1.1380       -0.2190 
   6    C2        0.5440        1.2320       -0.3170 
   6    C3        1.3640        0.1110       -0.1040 
   6    C4        0.7420       -1.1080        0.2110 
   6    C5       -0.6490       -1.2050        0.3100 
   6    C6        2.8290        0.2120       -0.2090 
   6    C7        3.5570       -0.6530       -1.0430 
   6    C8        4.9480       -0.5590       -1.1430 
   6    C9        5.6360        0.4040       -0.4080 
   6   C10        4.9340        1.2710        0.4260 
   6   C11        3.5430        1.1750        0.5230 
   1     H       -2.5240       -0.1550        0.1720 
   1    H1       -1.4630        2.0170       -0.3910 
   1    H2        0.9880        2.1920       -0.5750 
   1    H3        1.3440       -1.9960        0.3950 
   1    H4       -1.1100       -2.1570        0.5590 
   1    H5        3.0380       -1.4050       -1.6350 
   1    H6        5.4920       -1.2350       -1.7970 
   1    H7        6.7170        0.4780       -0.4850 
   1    H8        5.4680        2.0210        1.0030 
   1    H9        3.0160        1.8550        1.1900 

