Run semi-empirical minimization
 &qmmm
    qm_theory='AM1', grms_tol=0.0005,
  scfconv=1.d-10,   qmcharge=0,
 /
   9     F        0.8750        0.0340       -0.2330 
   6     C        2.2280        0.0560       -0.0620 
   6    C1        2.7690       -1.3520       -0.2940 
   6    C2        2.6150       -1.7910       -1.7490 
   6    C3        3.2210       -0.7760       -2.7180 
   6    C4        2.6330        0.6260       -2.4880 
   6    C5        2.8350        1.0680       -1.0270 
   9    F1        4.1690        1.1590       -0.7450 
   6    C6        3.1630        1.6340       -3.4940 
   6    C7        2.2840        2.2300       -4.4120 
   6    C8        2.7480        3.1550       -5.3490 
   6    C9        4.0980        3.4980       -5.3820 
   6   C10        4.9830        2.9140       -4.4800 
   6   C11        4.5200        1.9880       -3.5430 
   1     H        2.4260        0.3560        0.9720 
   1    H1        2.2340       -2.0610        0.3480 
   1    H2        3.8280       -1.3890       -0.0140 
   1    H3        1.5500       -1.9220       -1.9790 
   1    H4        3.0930       -2.7670       -1.8910 
   1    H5        3.0290       -1.1020       -3.7480 
   1    H6        4.3100       -0.7650       -2.5910 
   1    H7        1.5470        0.5470       -2.6460 
   1    H8        2.3920        2.0570       -0.8640 
   1    H9        1.2260        1.9770       -4.4090 
   1   H10        2.0560        3.6080       -6.0540 
   1   H11        4.4590        4.2180       -6.1110 
   1   H12        6.0370        3.1800       -4.5030 
   1   H13        5.2320        1.5470       -2.8490 

