Run semi-empirical minimization
 &qmmm
    qm_theory='AM1', grms_tol=0.0005,
  scfconv=1.d-10,   qmcharge=0,
 /
   9     F        0.8870        0.0240       -0.1210 
   6     C        2.2400        0.0420        0.0560 
   6    C1        2.7670       -1.3720       -0.1690 
   6    C2        2.5900       -1.8190       -1.6210 
   6    C3        3.2100       -0.8170       -2.5920 
   9    F1        4.5560       -0.8280       -2.3790 
   6    C4        2.6450        0.5950       -2.3710 
   6    C5        2.8460        1.0490       -0.9160 
   9    F2        4.1720        1.1700       -0.6250 
   6    C6        3.1590        1.6050       -3.3850 
   6    C7        2.2620        2.2270       -4.2690 
   6    C8        2.7150        3.1560       -5.2090 
   6    C9        4.0680        3.4770       -5.2780 
   6   C10        4.9690        2.8700       -4.4080 
   6   C11        4.5180        1.9400       -3.4690 
   1     H        2.4360        0.3470        1.0890 
   1    H1        2.2310       -2.0710        0.4840 
   1    H2        3.8290       -1.4160        0.1010 
   1    H3        1.5230       -1.9380       -1.8420 
   1    H4        3.0660       -2.7970       -1.7490 
   1    H5        3.0430       -1.1460       -3.6230 
   1    H6        1.5590        0.5190       -2.5260 
   1    H7        2.3860        2.0320       -0.7640 
   1    H8        1.2000        1.9950       -4.2370 
   1    H9        2.0100        3.6290       -5.8880 
   1   H10        4.4200        4.2000       -6.0090 
   1   H11        6.0260        3.1170       -4.4580 
   1   H12        5.2430        1.4780       -2.8000 

