Run semi-empirical minimization
 &qmmm
    qm_theory='AM1', grms_tol=0.0005,
  scfconv=1.d-10,   qmcharge=0,
 /
   6     C        0.8170        1.2100       -0.8900 
   6    C1       -0.5030        1.4730       -0.1780 
   6    C2       -1.3590        0.2110       -0.1290 
   6    C3       -0.6450       -0.9870        0.5200 
   6    C4        0.7890       -1.1780       -0.0170 
   6    C5        1.6080        0.0990       -0.2130 
   6    C6       -0.7990       -0.9780        2.0370 
   6    C7       -1.9090       -1.6330        2.6020 
   6    C8       -2.1150       -1.6500        3.9830 
   6    C9       -1.2160       -1.0060        4.8270 
   6   C10       -0.1180       -0.3440        4.2870 
   6   C11        0.0870       -0.3280        2.9040 
   1     H        1.4160        2.1280       -0.9090 
   1    H1        0.6220        0.9360       -1.9340 
   1    H2       -1.0500        2.2620       -0.7070 
   1    H3       -0.3150        1.8440        0.8360 
   1    H4       -1.6200       -0.0610       -1.1610 
   1    H5       -2.3060        0.4300        0.3790 
   1    H6       -1.1860       -1.8860        0.1860 
   1    H7        0.7060       -1.6540       -1.0040 
   1    H8        1.3480       -1.8840        0.6090 
   1    H9        2.4940       -0.1330       -0.8160 
   1   H10        1.9900        0.4610        0.7460 
   1   H11       -2.6300       -2.1390        1.9630 
   1   H12       -2.9780       -2.1640        4.3970 
   1   H13       -1.3740       -1.0150        5.9020 
   1   H14        0.5830        0.1670        4.9430 
   1   H15        0.9490        0.2110        2.5290 

