Run semi-empirical minimization
 &qmmm
    qm_theory='AM1', grms_tol=0.0005,
  scfconv=1.d-10,   qmcharge=0,
 /
   6    C1       17.2110       15.3330       18.7060 
   6    C2       15.7130       15.4260       18.3530 
   6    C3       14.9050       15.9670       19.5490 
   6    C4       15.1280       15.1130       20.8080 
   6    C5       16.6220       15.0100       21.1560 
   6    C6       17.4360       14.4780       19.9650 
   1    H1       17.6210       16.3300       18.8700 
   1    H2       15.1890       16.9990       19.7580 
   1    H3       14.5780       15.5380       21.6480 
   1    H4       18.4970       14.4600       20.2170 
   6    C7       15.0200       17.7260       14.7260 
   6    C8       14.7010       16.3550       14.7670 
   6    C9       14.9270       15.6130       15.9430 
   6   C10       15.4730       16.2370       17.0860 
   6   C11       15.7900       17.6130       17.0380 
   6   C12       15.5640       18.3540       15.8620 
   1    H5       17.7630       14.9070       17.8680 
   1    H6       15.3630       14.4110       18.1590 
   1    H7       13.8430       15.9850       19.2990 
   1    H8       14.7200       14.1140       20.6480 
   1    H9       16.9980       15.9920       21.4470 
   1   H10       16.7590       14.3590       22.0200 
   1   H11       17.1520       13.4450       19.7600 
   1   H12       14.8460       18.2940       13.8240 
   1   H13       14.2830       15.8710       13.8970 
   1   H14       14.6780       14.5620       15.9620 
   1   H15       16.2080       18.1060       17.9030 
   1   H16       15.8090       19.4060       15.8320 

