Run semi-empirical minimization
 &qmmm
    qm_theory='AM1', grms_tol=0.0005,
  scfconv=1.d-10,   qmcharge=0,
 /
   6    C1       17.2510       15.3740       18.7370 
   6    C2       15.7490       15.5130       18.3800 
   6    C3       14.9170       16.0170       19.5860 
   6    C4       15.1240       15.0880       20.7990 
   6    C5       16.6110       14.9530       21.1720 
   6    C6       17.4240       14.4550       19.9630 
   9    F1       17.7880       16.5650       19.0120 
   9    F2       15.2730       17.2590       19.9210 
   9    F3       14.4120       15.5150       21.8420 
   9    F4       18.7130       14.3310       20.2780 
   6    C7       14.9930       17.6940       14.6830 
   6    C8       14.6500       16.3320       14.7870 
   6    C9       14.8970       15.6320       15.9830 
   6   C10       15.4890       16.2860       17.0880 
   6   C11       15.8270       17.6530       16.9750 
   6   C12       15.5820       18.3530       15.7780 
   1    H1       17.8090       14.9770       17.8890 
   1    H2       15.4000       14.4990       18.1820 
   1    H3       13.8600       16.0620       19.3240 
   1    H4       14.7200       14.1020       20.5700 
   1    H5       16.9980       15.9170       21.5050 
   1    H6       16.7270       14.2660       22.0100 
   1    H7       17.1010       13.4470       19.7030 
   1    H8       14.8050       18.2320       13.7660 
   1    H9       14.1970       15.8260       13.9470 
   1   H10       14.6250       14.5880       16.0410 
   1   H11       16.2770       18.1750       17.8080 
   1   H12       15.8460       19.3980       15.7030 

