Run semi-empirical minimization
 &qmmm
    qm_theory='AM1', grms_tol=0.0005,
  scfconv=1.d-10,   qmcharge=0,
 /
   6    C1        1.7900        1.6660        1.0440 
   6    C2        0.3260        1.7820        0.5460 
   6    C3       -0.5940        2.2120        1.7170 
   6    C4       -0.4580        1.2950        2.9480 
   6    C5        1.0010        1.1810        3.4090 
   6    C6        1.8910        0.7120        2.2490 
   9    F1        2.2420        2.8690        1.4150 
   9    F2       -0.2940        3.5100        2.0760 
   9    F3       -1.2420        1.7750        3.9770 
   9    F4        3.1570        0.5990        2.6560 
   6    C7       -0.3360        4.3000       -2.9660 
   6    C8       -1.4040        3.6060       -2.3700 
   6    C9       -1.1720        2.7890       -1.2470 
   6   C10        0.1240        2.6670       -0.6930 
   6   C11        1.1920        3.3590       -1.3130 
   6   C12        0.9630        4.1670       -2.4420 
   1    H1        2.4390        1.3110        0.2440 
   1    H2        0.0180        0.7820        0.2330 
   1    H3       -1.6380        2.2160        1.4060 
   1    H4       -0.8440        0.3030        2.7110 
   1    H5        1.3470        2.1480        3.7800 
   1    H6        1.0760        0.4860        4.2440 
   1    H7        1.5880       -0.2910        1.9440 
   1    H8       -0.5080        4.9300       -3.8260 
   1    H9       -2.4020        3.7000       -2.7770 
   1   H10       -2.0070        2.2590       -0.8120 
   1   H11        2.2020        3.2940       -0.9410 
   1   H12        1.7900        4.6890       -2.9030 

