Run semi-empirical minimization
 &qmmm
    qm_theory='AM1', grms_tol=0.0005,
  scfconv=1.d-10,   qmcharge=0,
 /
   6    C1        0.5270       -1.7340        0.1610 
   6    C2       -0.9120       -1.4690       -0.3340 
   6    C3       -0.6520        1.0000        0.2170 
   6    C4        0.7880        0.7400        0.7130 
   6    C5        1.0160       -0.7040        1.1950 
   6    C6       -1.5620       -0.2360        0.3160 
   9    F1        0.6120       -3.0020        0.6990 
   9    F2       -1.6980       -2.5800       -0.1090 
   9    F3        1.0980        1.6180        1.7310 
   6    C7        5.2140       -1.3390        2.0480 
   6    C8        4.5150       -0.3050        2.6920 
   6    C9        3.1540       -0.0990        2.4160 
   6   C10        2.4910       -0.9270        1.4950 
   6   C11        3.1900       -1.9610        0.8510 
   6   C12        4.5520       -2.1670        1.1270 
   1    H1        1.2040       -1.7280       -0.6950 
   1    H4       -1.0950        1.8250        0.7760 
   1    H6        1.4870        0.9610       -0.0940 
   1    H8        0.4920       -0.8600        2.1380 
   1    H9       -1.7790       -0.4480        1.3640 
   1   H10       -2.5250       -0.0300       -0.1540 
   1   H11       -0.8940       -1.3330       -1.4170 
   1   H12       -0.6140        1.3320       -0.8210 
   1    H7        6.2840       -1.5010        2.2660 
   1    H2        5.0360        0.3460        3.4160 
   1    H3        2.6050        0.7140        2.9210 
   1   H13        2.6700       -2.6120        0.1280 
   1    H5        5.1010       -2.9800        0.6220 

