Run semi-empirical minimization
 &qmmm
    qm_theory='AM1', grms_tol=0.0005,
  scfconv=1.d-10,   qmcharge=0,
 /
   6    C1       -0.1240        2.2160        0.9340 
   6    C2       -1.6020        2.4750        0.5690 
   6    C3       -2.4160        2.9260        1.7900 
   6    C4       -2.2650        1.9340        2.9530 
   6    C5       -0.7840        1.7400        3.3160 
   6    C6        0.0460        1.2260        2.1140 
   6    C7       -0.6690       -3.0110        1.2660 
   6    C8       -0.3510       -2.5820        2.5670 
   6    C9       -0.1190       -1.2160        2.8210 
   6   C10       -0.2160       -0.2550        1.7880 
   6   C11       -0.5170       -0.7070        0.4790 
   6   C12       -0.7470       -2.0720        0.2220 
   1    H1        0.3180        3.1700        1.2240 
   1    H2        0.4480        1.8940        0.0640 
   1    H3       -2.0580        1.5770        0.1540 
   1    H4       -1.6610        3.2320       -0.2140 
   1    H5       -3.4680        3.0250        1.5210 
   1    H6       -2.0860        3.9160        2.1080 
   1    H7       -2.8170        2.2930        3.8220 
   1    H8       -2.7050        0.9730        2.6830 
   1    H9       -0.3800        2.7010        3.6370 
   1   H10       -0.6910        1.0880        4.1830 
   1   H11        1.0970        1.2600        2.4080 
   1   H12       -0.8470       -4.0590        1.0680 
   1   H13       -0.2820       -3.3000        3.3700 
   1   H14        0.1370       -0.9160        3.8260 
   1   H15       -0.5770       -0.0240       -0.3530 
   1   H16       -0.9830       -2.4000       -0.7810 

